# Stage 2 — Persona Vector Geometric Precheck

**L_inject = 12, L_extract = 16**
**axis.pt norm:** 1.126

## Per-trait analysis

| Trait | ‖v[12]‖ | ‖v[16]‖ | ratio L12/L16 | cos(v[12], axis) | cos(v[16], axis) | cos(v[12], refusal[12]) | cos(v[16], refusal[16]) | flag |
|---|---|---|---|---|---|---|---|---|
| evil | 1.90 | 3.07 | 0.62 | -0.2768 | -0.2960 | +0.2368 | +0.2835 |  |
| sycophantic | 0.97 | 1.59 | 0.61 | -0.3476 | -0.4458 | +0.0690 | +0.0310 |  |
| apathetic | 1.23 | 2.49 | 0.50 | +0.0021 | -0.0099 | +0.0524 | +0.0966 | ORTHOGONAL_TO_PC1 |
| humorous | 1.71 | 2.76 | 0.62 | -0.4077 | -0.4788 | +0.0785 | +0.0903 |  |
| impolite | 0.75 | 1.36 | 0.55 | -0.1985 | -0.2253 | +0.1566 | +0.2377 |  |
| hallucinating | 1.62 | 2.49 | 0.65 | -0.1312 | -0.2703 | -0.0501 | -0.1332 |  |
| optimistic | 1.07 | 2.01 | 0.53 | +0.1285 | +0.1585 | -0.1331 | -0.1466 |  |
| assistant_identity | 2.30 | 3.81 | 0.60 | +0.1359 | +0.1961 | +0.0213 | +0.0929 |  |

## Pairwise trait similarity at L=12

| trait | evil | sycophantic | apathetic | humorous | impolite | hallucinating | optimistic | assistant_identity |
|---|---|---|---|---|---|---|---|---|
| evil | +1.000 | +0.308 | +0.396 | +0.385 | +0.499 | -0.214 | -0.479 | -0.000 |
| sycophantic | +0.308 | +1.000 | -0.023 | +0.337 | +0.190 | +0.062 | -0.038 | -0.126 |
| apathetic | +0.396 | -0.023 | +1.000 | +0.095 | +0.690 | -0.078 | -0.352 | +0.034 |
| humorous | +0.385 | +0.337 | +0.095 | +1.000 | +0.354 | +0.048 | -0.233 | -0.209 |
| impolite | +0.499 | +0.190 | +0.690 | +0.354 | +1.000 | -0.034 | -0.422 | -0.001 |
| hallucinating | -0.214 | +0.062 | -0.078 | +0.048 | -0.034 | +1.000 | +0.118 | -0.322 |
| optimistic | -0.479 | -0.038 | -0.352 | -0.233 | -0.422 | +0.118 | +1.000 | +0.058 |
| assistant_identity | -0.000 | -0.126 | +0.034 | -0.209 | -0.001 | -0.322 | +0.058 | +1.000 |